4294967294,185
4294967279,322
4294967294,319
4294967294,318
4294967294,317
4294967294,316
4294967294,315
4294967294,314
4294967294,313
4294967294,312
4294967294,311
4294967294,310
4294967294,309
4294967294,308
4294967294,307
4294967294,306
4294967294,305
4294967294,304
4294967278,319
4294967278,318
4294967279,321
4294967279,320
4294967278,317
4294967278,316
4294967279,319
4294967279,318
4294967278,315
4294967294,458
4294967294,377
4294967294,519
4294967278,314
4294967279,317
4294967294,518
4294967279,316
4294967279,315
4294967294,457
4294967294,452
4294967294,456
4294967279,314
4294967294,517
4294967278,313
4294967294,455
4294967294,186
4294967294,516
4294967278,312
4294967278,311
4294967278,310
4294967279,313
4294967294,454
4294967294,182
4294967294,453
4294967294,379
4294967294,515
4294967294,448
4294967294,514
4294967294,451
4294967294,513
4294967294,512
4294967294,450
4294967294,374
4294967294,386
4294967294,449
4294967294,381
4294967294,383
4294967294,382
4294967294,376
4294967294,380
4294967294,330
4294967294,378
4294967294,320
4294967294,183
4294967294,375
4294967278,309
4294967294,184
4294967279,312
4294967294,373
4294967278,308
4294967279,311
4294967294,372
4294967279,310
4294967278,307
4294967294,371
4294967278,306
4294967294,370
4294967279,309
4294967278,305
4294967279,308
4294967278,304
4294967279,307
4294967278,303
54,13
4294967279,306
53,4
4294967278,302
52,12
4294967279,305
21,4
4294967278,301
20,4
4294967279,304
19,4
4294967278,300
18,4
4294967279,303
17,4
4294967278,299
16,4
4294967279,302
15,4
4294967278,298
14,4
4294967279,301
13,4
4294967278,297
12,4
4294967279,300
11,30
4294967278,296
10,36
4294967279,299
9,8
4294967278,295
8,19
4294967279,298
7,14
4294967278,294
6,7
4294967279,297
5,5
4294967278,293
4,41
4294967279,296
3,4
4294967278,292
2,4
4294967279,295
4294967278,291
4294967279,294
4294967278,290
0,524
4294967279,293
4294967278,289
4294967279,292
4294967278,288
4294967279,291
4294967278,287
4294967279,290
4294967278,286
4294967279,289
4294967278,285
4294967279,288
4294967279,287
4294967278,284
4294967279,286
4294967278,283
4294967279,285
4294967278,282
4294967278,281
4294967278,280
4294967279,284
4294967278,279
4294967279,283
4294967278,278
4294967279,282
4294967278,277
4294967279,281
4294967279,280
4294967279,279
4294967279,278
4294967279,277
4294967278,276
4294967279,276
4294967278,275
4294967279,275
4294967278,274
4294967279,274
4294967294,369
4294967279,273
4294967278,273
4294967294,368
4294967278,272
4294967278,271
4294967278,270
4294967279,272
4294967279,271
4294967279,270
4294967278,269
4294967279,269
4294967279,268
4294967278,268
4294967279,267
4294967278,267
4294967279,266
4294967278,266
4294967279,265
4294967294,367
4294967294,366
4294967294,365
4294967294,364
4294967294,363
4294967294,362
4294967294,361
4294967294,360
4294967294,359
4294967294,358
4294967294,357
4294967294,356
4294967294,355
4294967294,354
4294967294,353
4294967294,352
4294967294,351
4294967279,264
4294967294,350
4294967278,265
4294967294,349
4294967279,263
4294967278,264
4294967279,262
4294967294,348
4294967278,263
4294967279,261
4294967279,260
4294967278,262
4294967279,259
4294967278,261
4294967278,260
4294967279,258
4294967294,347
4294967278,259
4294967279,257
4294967294,346
4294967294,345
4294967278,258
4294967279,256
4294967278,257
4294967279,255
4294967294,344
4294967294,343
4294967294,342
4294967278,256
4294967279,254
4294967278,255
4294967279,253
4294967278,254
4294967279,252
4294967278,253
4294967279,251
4294967278,252
4294967279,250
4294967278,251
4294967279,249
4294967278,250
4294967294,385
4294967279,248
4294967278,249
4294967279,247
4294967278,248
4294967279,246
4294967294,384
4294967278,247
4294967279,245
4294967278,246
4294967279,244
4294967278,245
4294967294,341
4294967279,243
4294967278,244
4294967279,242
4294967278,243
4294967294,340
4294967279,241
4294967278,242
4294967279,240
4294967294,339
4294967278,241
4294967279,239
4294967278,240
4294967279,238
4294967278,239
4294967294,338
4294967279,237
4294967278,238
4294967279,236
4294967278,237
4294967279,235
4294967278,236
4294967279,234
4294967294,337
4294967278,235
4294967279,233
4294967278,234
4294967279,232
4294967278,233
4294967294,336
4294967279,231
4294967278,232
4294967279,230
4294967278,231
4294967294,335
4294967279,229
4294967278,230
4294967279,228
4294967278,229
4294967279,227
4294967294,334
4294967278,228
4294967279,226
4294967278,227
4294967279,225
4294967278,226
4294967279,224
4294967294,333
4294967278,225
4294967279,223
4294967278,224
4294967279,222
4294967278,223
4294967294,332
4294967279,221
4294967278,222
4294967279,220
4294967278,221
4294967279,219
4294967294,331
4294967278,220
4294967279,218
4294967279,217
4294967278,219
4294967278,218
4294967279,216
4294967278,217
4294967294,176
4294967279,215
4294967278,216
4294967279,214
4294967278,215
4294967294,329
4294967279,213
4294967278,214
4294967279,212
4294967278,213
4294967294,328
4294967279,211
4294967278,212
4294967279,210
4294967278,211
4294967279,209
4294967294,327
4294967278,210
4294967279,208
4294967278,209
4294967279,207
4294967294,326
4294967278,208
4294967279,206
4294967278,207
4294967294,325
4294967279,205
4294967278,206
4294967279,204
4294967278,205
4294967279,203
4294967278,204
4294967294,324
4294967279,202
4294967278,203
4294967279,201
4294967278,202
4294967294,323
4294967279,200
4294967278,201
4294967279,199
4294967278,200
4294967279,198
4294967294,322
4294967278,199
4294967279,197
4294967278,198
4294967279,196
4294967278,197
4294967279,195
4294967278,196
4294967279,194
4294967278,195
4294967294,321
4294967294,26
4294967279,193
4294967278,194
4294967279,192
4294967278,193
4294967279,191
4294967278,192
4294967279,190
4294967278,191
4294967279,189
4294967278,190
4294967279,188
4294967278,189
4294967279,187
4294967278,188
4294967279,186
4294967278,187
4294967279,185
4294967294,191
4294967278,186
4294967279,184
4294967278,185
4294967279,183
4294967278,184
4294967279,182
4294967278,183
4294967279,181
4294967294,190
4294967294,189
4294967278,182
4294967279,180
4294967278,181
4294967294,188
4294967279,179
4294967278,180
4294967279,178
4294967294,187
4294967278,179
4294967279,177
4294967278,178
